
Glucose_C1-C6_Ctr_0_mean 0.5673 0.006632 0.4177 0.0009172 0.007432 6.961e-05 0 0 0 1
Glucose_C1-C6_Ctr_0_sd 0.02471 0.000166 0.02344 0.0002675 0.0007263 0.000154 0.0002636 0 0 9.715e-05
*Correction:  -0.01949 -0.001759 0.01592 0.003023 0.000878 0.0006553 0.0002461 0.0005286 1
Glucose_C1-C6_ID8_0_mean 0.6367 0.005332 0.3512 0.0008129 0.005904 2.238e-05 3.886e-05 0 0 1
Glucose_C1-C6_ID8_0_sd 0.0294 3.767e-05 0.02916 0.0005648 0.000778 2.606e-05 3.289e-05 0 0 1.392e-05
*Correction:  -0.01949 -0.001759 0.01592 0.003023 0.000878 0.0006553 0.0002461 0.0005286 1
Lactate_C1-C3_Ctr_18_mean 0.9329 0.001756 0.0648 0.000588 0 1
Lactate_C1-C3_Ctr_18_sd 0.003923 0.001724 0.0006581 0.001541 0 0.0001136
*Correction:  -0.01598 0.002853 0.01059 0.00254 1
Lactate_C1-C3_ID8_18_mean 0.9139 0.00212 0.08386 8.955e-05 0 1
Lactate_C1-C3_ID8_18_sd 0.02365 0.002419 0.02098 0.0002469 0 8.46e-05
*Correction:  -0.01598 0.002853 0.01059 0.00254 1
L-Glutamate_C2-C4_Ctr_18_mean 0.9937 0.005694 0.0005831 0 0 0 0.9998
L-Glutamate_C2-C4_Ctr_18_sd 0.0009329 0.0007461 0.0002124 2.551e-05 0 0 4.814e-05
*Correction:  -0.09719 0.07706 0.01351 0.003369 0.003258 1
L-Glutamate_C2-C4_ID8_18_mean 0.9915 0.006555 0.001922 0 0 0 0.9997
L-Glutamate_C2-C4_ID8_18_sd 0.004543 0.002763 0.001201 0.0005784 0 0 4.471e-05
*Correction:  -0.09719 0.07706 0.01351 0.003369 0.003258 1
L-Glutamate_C2-C5_Ctr_18_mean 0.992 0.004054 0.003521 0.0004173 2.148e-07 1
L-Glutamate_C2-C5_Ctr_18_sd 0.0003714 0.0001344 0.0001663 7.073e-05 0 2.404e-06
*Correction:  -0.01027 0.003749 0.00623 0.0002902 1
L-Glutamate_C2-C5_ID8_18_mean 0.9881 0.004256 0.007384 0.0002847 2.148e-07 1
L-Glutamate_C2-C5_ID8_18_sd 0.004225 0.001042 0.003044 0.000139 0 6.663e-06
*Correction:  -0.01027 0.003749 0.00623 0.0002902 1
